(91, 92, 91)
1
(93, 95, 95)
2
(113, 100, 89)
2
(130, 74, 60)
2
(143, 138, 139)
2
(70, 75, 80)
3
(71, 61, 65)
4
(167, 74, 75)
4
(69, 120, 148)
4
(180, 121, 77)
4
(158, 140, 54)
4
(155, 141, 33)
4
(93, 96, 97)
5
(91, 94, 96)
6
(88, 92, 94)
7
(80, 82, 86)
8
(79, 82, 88)
9
(85, 87, 92)
10
(88, 90, 94)
11
(89, 89, 94)
12
(89, 90, 94)
13
(90, 91, 94)
14
(84, 84, 87)
15
(85, 85, 90)
16
(81, 81, 86)
17
(110, 113, 118)
17
(86, 86, 90)
18
(86, 86, 91)
19
(87, 87, 91)
20
(86, 86, 90)
21
(89, 89, 93)
22
(91, 92, 95)
23
(93, 94, 97)
24
(91, 93, 97)
25
(75, 78, 83)
26
(58, 62, 65)
27
(93, 95, 96)
28
(96, 99, 99)
29
(97, 99, 99)
30
(95, 97, 97)
31
(94, 96, 97)
32
(94, 96, 97)
33
(96, 97, 98)
34
(82, 84, 86)
35
(50, 55, 60)
36
(88, 91, 92)
37
(90, 93, 95)
38
(90, 93, 95)
39
(90, 93, 95)
40
(92, 95, 97)
41
(85, 89, 92)
42
(66, 71, 75)
43
(94, 96, 97)
44
(95, 97, 99)
45
(150, 135, 52)
45
(181, 125, 75)
45
(89, 119, 136)
45
(148, 83, 88)
45
(88, 68, 71)
45
(83, 88, 92)
46
(143, 135, 135)
46
(128, 83, 70)
46
(104, 98, 93)
46
(96, 97, 98)
47
(92, 94, 93)
48
(96, 98, 96)
49
(98, 100, 100)
50
(95, 96, 97)
51
(92, 94, 95)
52
(76, 81, 85)
53
(61, 65, 69)
54
(69, 73, 76)
55
(86, 90, 92)
56
(88, 91, 93)
57
(98, 99, 101)
58
(105, 105, 105)
58
(125, 119, 65)
58
(90, 91, 95)
59
(96, 96, 100)
60
(101, 101, 104)
60
(99, 99, 101)
61
(95, 94, 95)
62
(71, 74, 80)
63
(88, 88, 94)
64
(92, 92, 97)
65
(94, 94, 99)
66
(93, 93, 98)
67
(135, 139, 143)
67
(79, 80, 84)
68
(93, 93, 97)
69
(93, 93, 97)
70
(120, 125, 132)
70
(0, 0, 0)
71
(0, 0, 0)
72
(0, 0, 0)
73
(0, 0, 0)
74
(96, 99, 101)
75
(97, 99, 101)
76
(0, 0, 0)
77
(91, 94, 97)
78
(95, 98, 100)
79
(95, 98, 100)
80
(95, 97, 99)
81
(96, 98, 100)
82
(93, 95, 97)
83
(81, 85, 87)
84
(66, 69, 73)
85
(66, 71, 75)
86
(73, 77, 81)
87
(50, 55, 60)
88
(85, 88, 91)
89
(87, 90, 92)
90
(82, 86, 89)
91
(91, 92, 93)
92
(88, 91, 93)
93
(91, 93, 93)
94
(95, 97, 98)
95
(95, 96, 98)
96
(95, 96, 97)
97
(104, 103, 103)
97
(91, 92, 91)
98
(93, 95, 95)
99
(113, 100, 89)
99
(130, 74, 60)
99
(143, 138, 139)
99
(70, 75, 80)
100
(71, 61, 65)
101
(167, 74, 75)
101
(69, 120, 148)
101
(180, 121, 77)
101
(158, 140, 54)
101
(155, 141, 33)
101
