(91, 92, 92)
1
(94, 94, 96)
2
(104, 105, 100)
2
(92, 93, 93)
3
(137, 144, 148)
3
(70, 74, 81)
4
(59, 63, 70)
5
(91, 92, 95)
6
(94, 95, 97)
7
(93, 94, 96)
8
(91, 92, 95)
9
(81, 86, 76)
10
(93, 95, 97)
11
(91, 94, 96)
12
(89, 91, 94)
13
(80, 81, 86)
14
(80, 82, 87)
15
(85, 87, 92)
16
(89, 89, 94)
17
(89, 89, 93)
18
(89, 89, 94)
19
(91, 90, 94)
20
(84, 83, 87)
21
(85, 85, 90)
22
(81, 81, 86)
23
(110, 112, 119)
23
(86, 85, 90)
24
(86, 86, 91)
25
(87, 86, 91)
26
(86, 85, 90)
27
(89, 89, 93)
28
(91, 91, 95)
29
(93, 93, 97)
30
(92, 92, 97)
31
(75, 78, 83)
32
(59, 61, 66)
33
(93, 95, 96)
34
(97, 98, 99)
35
(97, 98, 99)
36
(95, 96, 97)
37
(95, 96, 98)
38
(94, 95, 97)
39
(96, 97, 99)
40
(83, 84, 87)
41
(51, 55, 60)
42
(89, 90, 92)
43
(91, 92, 95)
44
(90, 92, 95)
45
(91, 92, 95)
46
(93, 94, 97)
47
(86, 88, 91)
48
(67, 71, 75)
49
(94, 96, 98)
50
(95, 97, 98)
51
(87, 89, 89)
52
(95, 95, 97)
53
(97, 97, 100)
54
(94, 96, 99)
55
(68, 72, 78)
56
(83, 87, 93)
57
(135, 142, 146)
57
(97, 97, 98)
58
(100, 101, 99)
58
(96, 97, 98)
59
(93, 94, 93)
60
(96, 97, 97)
61
(99, 99, 101)
62
(95, 96, 97)
63
(92, 93, 95)
64
(77, 80, 85)
65
(61, 64, 69)
66
(70, 72, 76)
67
(87, 89, 92)
68
(89, 90, 93)
69
(98, 99, 101)
70
(106, 104, 105)
70
(91, 93, 87)
71
(91, 90, 95)
72
(96, 96, 101)
73
(101, 100, 104)
73
(100, 98, 101)
73
(95, 94, 96)
74
(71, 73, 81)
75
(88, 88, 94)
76
(93, 92, 97)
77
(94, 94, 99)
78
(93, 93, 98)
79
(136, 138, 144)
79
(80, 80, 85)
80
(93, 93, 97)
81
(94, 93, 97)
82
(120, 124, 132)
82
(0, 0, 0)
83
(0, 0, 0)
84
(0, 0, 0)
85
(0, 0, 0)
86
(97, 98, 101)
87
(98, 98, 102)
88
(0, 0, 0)
89
(91, 93, 96)
90
(96, 97, 100)
91
(96, 97, 100)
92
(95, 96, 99)
93
(97, 98, 100)
94
(94, 94, 97)
95
(82, 84, 87)
96
(66, 69, 73)
97
(67, 70, 75)
98
(73, 76, 81)
99
(50, 55, 61)
100
(85, 87, 90)
101
(88, 89, 91)
102
(83, 85, 89)
103
(91, 92, 93)
104
(89, 90, 93)
105
(92, 92, 93)
106
(96, 96, 98)
107
(96, 96, 98)
108
(95, 96, 97)
109
(105, 103, 103)
109
(91, 92, 92)
110
(94, 94, 96)
111
(104, 105, 100)
111
(92, 93, 93)
112
(137, 144, 148)
112
(70, 74, 81)
113
(59, 63, 70)
114
(91, 92, 95)
115
(94, 95, 97)
116
(93, 94, 96)
117
(91, 92, 95)
118
(81, 86, 76)
119
